         ps         in_a         in_b       opcode      alu_out    alu_carry     alu_zero        
       9000           01           0a            1           0b            0            0 
      19000           ff           01            1           00            1            1 
      29000           ff           fe            2           01            0            0 
      39000           ff           01            2           fe            0            0 
      49000           01           00            3           02            0            0 
      59000           ff           00            3           00            1            1 
      69000           02           00            4           01            0            0 
      79000           ff           4e            4           fe            0            0 
      89000           ff           4e            5           ff            0            0 
      99000           41           4e            5           4f            0            0 
     109000           10           f0            5           f0            0            0 
     119000           e1           4e            6           40            0            0 
     129000           ff           00            6           00            0            1 
     139000           ff           fe            7           01            0            0 
     149000           ff           00            8           7f            0            0 
     159000           0f           00            8           07            0            0 
     169000           0f           00            9           1e            0            0 
     179000           f0           00            9           e0            1            0 
     189000           ff           00            a           00            0            1 
     199000           00           00            a           ff            0            0 
     209000           ff           00            b           01            0            0 
     219000           00           00            b           00            1            1 
     229000           X0           11            5           11            0            0 
     239000           X0           11            3           x1            x            0 
     249000           aa           11            c           fe            0            0 
